2 2 2 2 2 2 2 2 2 2 2 2 2 2 2 2 2 2 2 2 2 2 2 2 2 2 2 2 2 2 2 2 2 2 2 2 2 2 2 2 2 2 2 2 2 2 2 2 2 2 2 2 2 2 2 2 2 2 2 2 2 2 2 2 2 2 2 2 2 2 2 2 2 2 2 2 2 2 2 2 2 2 2 2 2 2 2 2 2 2 2 2 2 2 2 2 2 2 2 2 
2 2 2 2 2 2 2 2 2 2 2 2 2 2 2 2 2 2 2 2 2 2 2 2 2 2 2 2 2 2 2 2 2 2 2 2 2 2 2 2 2 2 2 2 2 2 2 2 2 2 2 2 2 2 2 2 2 2 2 2 2 2 2 2 2 2 2 2 2 2 2 2 2 2 2 2 2 2 2 2 2 2 2 2 2 2 2 2 2 2 2 2 2 2 2 2 2 2 2 2 
2 2 35 40 40 40 40 40 40 40 40 40 40 40 40 40 40 40 40 40 40 40 40 40 40 40 40 40 40 40 40 40 40 40 40 40 40 40 40 40 40 40 40 40 40 40 40 40 40 40 40 40 40 40 40 40 40 40 40 40 40 40 40 40 40 40 40 40 40 40 40 40 40 40 40 40 40 40 40 40 40 40 40 40 40 40 40 40 40 40 40 40 40 40 40 40 40 40 2 2 
2 2 35 0 0 0 6 7 0 0 0 4 4 4 4 4 4 5 1 1 1 1 1 1 1 1 1 1 260 261 1 1 1 1 1 1 1 1 1 1 1 1 1 1 1 1 1 1 1 1 260 261 1 1 1 1 1 1 1 1 1 1 9 0 0 0 0 0 0 0 0 0 0 0 0 0 0 0 11 1 1 1 1 1 1 1 1 1 1 1 1 1 1 218 219 220 1 33 2 2 
2 2 35 0 0 0 8 7 0 0 0 0 0 0 0 0 0 0 4 4 4 4 4 4 5 1 1 1 276 277 1 1 1 1 1 1 15 15 15 15 15 15 15 15 1 1 1 1 1 1 276 277 1 1 1 1 1 1 1 1 1 1 9 0 0 0 0 0 0 0 0 0 0 0 0 0 0 0 11 1 1 1 1 242 243 1 1 1 1 1 1 1 1 22 235 236 1 33 2 2 
2 2 35 0 0 0 0 0 0 0 0 0 0 0 0 0 0 0 0 0 0 0 0 0 0 4 4 4 4 4 5 1 1 1 1 1 1 1 1 1 1 1 1 1 1 1 1 1 1 1 1 1 1 1 1 1 1 1 1 1 1 1 9 0 0 0 0 0 0 0 0 0 0 0 0 0 0 0 11 1 1 1 1 258 259 1 1 1 1 1 1 1 1 250 251 252 1 33 2 2 
2 2 35 0 0 0 0 0 0 0 0 0 0 0 0 0 0 0 0 0 0 0 0 0 0 0 0 6 7 0 11 256 257 1 1 1 1 1 1 1 1 1 1 1 1 1 1 1 1 1 1 1 1 1 1 1 1 1 1 256 257 1 9 0 0 0 0 0 0 0 0 0 0 0 0 0 0 0 11 1 1 1 1 274 275 1 1 1 1 1 1 1 1 266 267 268 1 33 2 2 
2 2 35 0 6 7 0 0 0 0 0 0 0 0 0 0 0 0 0 0 0 0 0 0 0 0 0 8 7 0 11 272 273 1 1 1 1 1 1 1 1 1 260 261 1 1 1 1 1 1 1 1 1 1 1 1 1 1 1 272 273 1 9 0 0 0 0 0 0 0 0 0 0 0 0 0 0 0 11 1 1 1 1 1 1 1 1 1 1 1 1 1 1 1 1 1 1 33 2 2 
2 2 35 0 8 7 0 0 0 0 0 0 0 0 0 0 0 0 0 0 0 0 0 0 0 0 0 0 0 0 11 1 1 1 1 1 1 1 1 1 1 1 276 277 1 1 1 1 1 1 3 4 4 4 4 4 4 4 4 4 4 4 0 0 0 0 6 7 0 0 0 0 0 0 0 0 0 0 0 4 4 4 4 5 1 1 1 1 1 1 1 1 1 1 1 1 1 33 2 2 
2 2 35 16 16 16 16 16 16 16 16 16 16 16 16 16 16 16 16 16 16 0 0 0 0 0 0 0 0 0 11 359 360 360 360 360 360 360 360 360 360 360 360 360 360 360 360 360 360 361 9 0 0 0 0 0 0 0 0 0 0 0 0 0 0 0 8 7 0 0 0 0 0 0 0 0 0 0 0 0 0 0 0 11 1 1 1 1 1 1 1 1 1 1 1 1 1 33 2 2 
2 2 35 1 1 1 1 1 1 1 1 1 1 1 1 1 1 1 1 1 1 9 0 0 0 0 0 0 0 0 0 4 4 4 4 4 4 4 4 4 4 4 4 4 4 4 4 4 4 4 0 0 0 0 0 0 0 0 0 0 0 0 0 0 0 0 0 0 0 0 0 0 0 0 0 0 0 0 0 0 0 0 0 11 1 1 1 1 1 1 1 1 1 1 1 1 1 33 2 2 
2 2 35 1 1 1 1 1 1 1 1 1 1 1 1 1 1 1 1 1 1 9 0 0 0 0 0 0 0 0 0 0 0 0 0 0 0 0 0 0 0 0 0 0 0 0 0 6 7 0 0 0 0 0 0 0 0 0 0 0 0 0 0 0 0 0 0 0 0 0 0 0 0 0 0 0 0 0 0 0 0 0 0 11 1 1 1 1 1 1 1 1 1 1 1 1 1 33 2 2 
2 2 35 256 257 1 1 1 1 1 1 1 1 1 1 1 1 1 1 1 1 9 0 0 0 0 0 0 0 0 0 0 0 0 0 0 0 0 0 0 0 0 0 0 0 0 0 8 7 0 0 0 0 0 0 0 0 0 0 0 0 0 0 0 0 0 0 0 0 0 0 0 0 0 0 0 0 0 0 0 16 16 16 17 1 1 1 1 1 1 218 219 220 1 1 1 1 33 2 2 
2 2 35 272 273 1 1 1 1 1 1 1 1 1 1 1 1 1 1 242 243 9 6 7 0 0 0 0 0 0 0 0 0 0 0 0 0 0 0 0 0 0 0 0 0 0 0 0 0 0 0 0 0 0 0 0 0 0 0 0 0 0 0 0 0 0 0 0 0 0 0 0 0 0 0 0 0 0 0 11 1 1 1 1 1 1 1 1 1 1 22 235 236 1 1 1 1 33 2 2 
2 2 35 28 28 28 28 28 28 28 29 1 1 1 1 1 1 1 1 258 259 9 8 7 0 0 0 0 0 0 0 0 0 0 0 0 0 0 0 0 0 0 0 0 0 0 0 0 0 0 0 0 0 0 0 0 0 0 0 0 0 0 0 0 0 0 0 0 0 0 0 0 0 0 0 0 0 0 0 11 1 1 242 243 1 1 1 1 1 1 250 251 252 1 1 1 1 33 2 2 
2 2 35 218 219 220 2 2 2 2 35 1 1 1 1 1 1 1 1 274 275 15 16 16 16 16 16 16 16 16 16 16 16 0 0 0 0 0 0 0 0 0 0 0 0 0 0 0 0 0 0 0 0 0 0 0 0 0 0 0 0 0 0 0 0 0 0 0 0 0 0 0 0 0 0 0 0 0 0 11 1 1 258 259 1 1 1 1 1 1 266 267 268 1 1 1 1 33 2 2 
2 2 35 22 235 236 2 2 2 2 35 1 1 1 1 1 1 1 1 1 1 1 1 1 355 356 356 356 356 356 356 356 29 9 0 0 0 0 0 0 0 0 0 0 0 0 0 0 0 0 0 0 0 0 0 0 0 0 0 0 0 0 0 0 0 0 0 0 0 0 0 0 0 0 0 0 0 0 0 11 1 1 274 275 1 1 1 1 1 1 1 1 1 1 1 1 1 33 2 2 
2 2 35 250 251 252 2 2 2 2 35 1 1 1 1 1 1 1 1 1 1 1 1 1 1 1 1 1 1 1 1 1 350 9 0 0 0 0 0 0 0 0 0 0 0 0 0 0 0 0 0 0 0 0 0 0 0 0 0 0 0 0 0 0 0 0 0 0 0 0 0 0 0 0 0 0 0 0 0 11 1 1 1 1 1 1 1 1 1 1 1 1 1 1 1 1 1 33 2 2 
2 2 35 266 267 268 2 218 219 220 35 1 1 1 1 1 1 1 1 1 1 1 1 1 1 1 1 1 1 1 1 1 350 9 0 0 0 0 0 0 0 0 0 0 16 16 16 16 16 16 16 16 16 16 16 16 16 16 16 16 16 16 16 16 16 16 16 16 16 16 16 16 0 0 0 0 0 0 0 0 4 4 4 4 4 4 4 4 5 1 1 1 1 1 1 1 1 33 2 2 
2 2 35 2 2 2 2 22 235 236 35 1 1 1 1 1 1 1 1 1 1 1 1 1 1 1 1 1 1 1 1 1 350 9 0 0 0 0 0 0 0 0 0 11 351 360 360 360 360 360 360 360 360 361 1 1 256 257 1 1 1 1 1 1 1 1 1 1 1 1 1 1 9 0 6 7 0 0 0 0 0 0 0 0 0 0 0 0 11 1 1 1 1 1 256 257 1 33 2 2 
2 2 35 2 2 2 2 250 251 252 35 1 1 1 1 1 1 1 1 1 1 1 1 1 1 1 1 1 1 1 1 1 350 9 6 7 0 0 0 0 0 0 0 11 350 1 1 1 1 1 1 1 1 1 1 1 272 273 1 1 1 1 1 1 1 1 1 1 1 242 243 1 9 0 8 7 0 0 0 0 0 0 0 0 0 0 0 0 11 1 1 1 1 1 272 273 1 33 2 2 
2 2 35 2 2 2 2 266 267 268 35 1 1 1 1 1 1 1 1 1 1 1 1 1 1 1 1 1 1 1 1 1 350 9 8 7 0 0 0 0 0 0 0 11 350 1 1 1 1 1 1 1 1 1 1 1 1 1 1 1 1 1 1 1 1 1 1 1 1 258 259 1 9 0 0 0 0 0 0 0 0 0 0 0 0 0 0 0 11 1 1 1 1 1 1 1 1 33 2 2 
2 2 35 40 40 40 40 40 40 40 41 1 1 1 1 1 1 1 1 1 1 1 1 1 1 1 1 1 1 1 1 1 358 9 0 0 0 0 0 0 0 0 0 11 350 1 1 1 1 1 1 1 1 1 1 1 1 1 1 1 1 1 1 1 1 1 1 1 1 274 275 1 9 0 0 0 0 0 0 0 0 0 0 0 0 0 0 0 0 4 4 4 4 4 4 4 4 33 2 2 
2 2 35 2 1 1 1 1 1 1 1 1 1 1 1 1 1 1 218 219 220 1 1 1 1 1 1 1 1 1 3 4 4 0 0 0 0 0 0 0 0 0 0 11 350 1 1 1 1 1 1 1 1 1 1 1 1 1 1 1 1 1 1 1 1 1 1 1 1 1 1 1 9 0 0 0 0 0 0 0 0 0 0 0 0 0 0 0 0 0 0 0 0 0 0 0 0 33 2 2 
2 2 35 2 1 1 1 1 1 1 1 1 1 1 1 1 1 1 22 235 236 1 1 1 1 1 1 1 1 1 9 0 0 0 0 0 0 0 0 0 0 0 0 11 350 1 1 1 1 1 1 1 1 1 1 1 1 1 1 1 1 1 1 1 1 1 1 1 1 1 1 1 9 0 0 0 0 0 0 0 0 0 0 0 0 0 0 0 0 0 6 7 0 0 0 0 0 33 2 2 
2 2 35 1 1 1 1 1 1 1 1 1 1 1 1 1 1 1 250 251 252 1 1 1 1 1 1 1 1 1 9 0 0 0 0 0 0 0 0 0 0 0 0 11 350 1 1 1 1 1 1 1 1 1 1 1 1 1 1 1 1 1 1 1 1 1 1 1 1 1 1 1 9 0 0 0 0 0 0 0 0 0 0 0 0 0 0 0 0 0 8 7 0 0 0 0 0 33 2 2 
2 2 35 2 1 1 1 1 1 1 1 1 1 1 1 1 1 1 266 267 268 1 1 1 1 1 1 1 1 1 9 0 0 0 0 0 0 0 0 0 0 0 0 11 350 1 1 1 1 1 1 1 1 1 1 1 1 1 1 1 1 1 1 1 1 1 1 1 1 1 1 1 15 16 16 16 16 16 16 16 16 0 0 0 0 0 0 0 0 0 0 0 0 0 0 0 0 33 2 2 
2 2 35 28 28 28 28 28 28 28 28 1 1 1 1 1 1 1 1 1 1 1 1 1 1 1 1 1 1 1 9 0 0 0 0 0 0 0 0 0 0 6 7 11 350 1 1 1 1 1 1 1 1 1 1 1 1 1 1 1 1 1 1 1 1 1 1 1 1 1 1 1 1 1 1 1 1 1 1 1 1 9 0 0 0 0 0 0 0 0 0 0 0 0 0 0 0 33 2 2 
2 2 35 2 2 2 256 257 2 2 2 28 28 28 28 28 28 28 29 1 1 1 1 1 1 1 1 1 1 1 9 0 0 0 0 0 0 0 0 0 0 8 7 11 1 1 1 1 1 1 1 1 1 1 1 1 1 1 1 1 1 1 1 1 1 1 1 1 1 1 1 1 1 1 1 1 1 1 1 1 1 9 0 0 0 0 0 0 0 0 0 0 0 0 0 0 0 33 2 2 
2 2 35 2 2 2 272 273 2 2 2 2 2 2 2 2 2 2 35 1 1 1 1 1 1 1 1 1 1 1 9 0 0 0 0 0 0 0 0 0 0 0 0 11 1 1 1 1 1 1 1 1 1 1 1 1 1 1 1 1 1 1 1 1 1 1 1 1 1 1 1 1 1 1 1 1 1 1 1 1 1 9 0 0 0 0 0 0 0 0 0 0 0 0 0 0 0 33 2 2 
2 2 35 2 2 2 2 2 2 2 2 2 2 2 2 2 2 2 35 1 1 1 1 1 1 1 1 1 1 1 9 0 0 0 0 0 0 0 0 0 0 0 0 11 1 1 1 1 1 1 1 1 1 1 1 1 1 1 1 1 1 1 1 1 1 1 1 1 1 1 1 1 1 1 1 1 1 1 1 1 1 9 0 0 0 0 0 0 0 0 0 0 0 0 0 0 0 33 2 2 
2 2 35 2 2 2 2 218 219 220 2 2 2 2 2 2 2 2 35 1 1 1 1 1 1 1 1 1 1 1 9 0 0 0 0 0 0 0 0 0 0 0 0 11 1 1 1 242 243 1 1 1 1 1 1 1 1 1 1 1 1 1 1 1 1 1 1 1 1 1 1 1 1 1 1 1 1 1 1 1 1 9 0 0 0 0 0 0 0 0 0 0 0 0 0 0 0 33 2 2 
2 2 35 2 2 2 2 22 235 236 2 2 2 2 2 2 2 2 256 257 29 1 1 1 1 1 1 1 1 1 9 0 0 0 0 0 0 0 0 0 0 0 0 11 1 1 1 258 259 1 1 1 1 1 1 1 1 1 1 1 1 1 1 1 1 1 1 1 1 1 1 1 1 1 1 1 1 1 1 1 1 9 0 0 0 0 0 0 0 0 0 0 0 0 0 0 0 33 2 2 
2 2 35 2 2 2 2 250 251 252 2 2 2 2 242 243 2 2 272 273 35 1 1 1 1 1 1 1 1 1 9 0 0 0 0 0 0 0 0 0 0 0 0 11 1 1 1 274 275 1 1 1 1 1 1 1 1 1 1 1 260 261 1 1 1 1 1 1 1 1 256 257 1 1 1 1 1 1 1 1 1 9 0 0 0 6 7 0 0 0 0 0 0 0 0 0 0 33 2 2 
2 2 35 2 2 2 2 266 267 268 2 2 2 2 258 259 2 2 2 2 35 1 1 1 1 1 1 1 1 1 9 0 0 0 0 0 0 0 0 0 0 0 0 0 4 4 4 5 1 1 1 1 1 1 1 1 1 1 1 1 276 277 1 1 1 1 1 1 1 1 272 273 1 1 1 1 1 1 1 1 1 9 0 0 0 8 7 0 0 0 0 0 0 0 0 0 0 33 2 2 
2 2 35 2 2 2 2 2 2 2 2 2 2 2 274 275 2 2 2 2 35 1 1 1 1 1 1 1 1 1 9 0 0 0 0 0 0 0 0 0 0 0 0 0 0 0 0 11 1 1 1 1 1 1 1 1 1 1 1 27 28 28 28 28 28 28 28 28 28 28 28 28 28 29 1 1 1 1 1 1 1 9 0 0 0 0 0 0 0 0 0 0 0 0 0 0 0 33 2 2 
2 2 35 2 2 2 2 2 2 2 2 2 2 2 2 2 2 2 2 35 260 261 1 1 1 1 1 1 1 1 9 0 0 0 0 0 0 0 0 0 0 0 0 0 0 0 0 11 1 1 1 1 1 1 1 1 1 1 1 33 2 2 2 2 2 2 2 2 2 2 2 2 2 35 1 1 1 1 1 1 1 9 0 0 0 0 0 0 0 0 0 0 0 0 0 0 0 33 2 2 
2 2 35 2 2 2 2 2 2 2 2 2 2 2 2 2 2 2 2 35 276 277 1 1 1 1 1 1 1 1 9 0 0 0 0 0 0 0 0 0 0 0 0 0 0 0 0 11 1 1 1 1 1 1 1 1 1 1 1 33 2 2 2 2 2 2 2 2 2 2 2 2 2 35 1 1 1 1 1 1 1 9 0 0 0 0 0 0 0 0 0 0 0 0 0 0 0 33 2 2 
2 2 35 2 256 257 2 2 2 2 2 2 2 2 2 2 2 2 35 1 1 1 1 1 1 1 1 1 1 1 9 0 0 0 0 0 0 0 0 0 0 0 0 0 0 0 0 11 1 1 1 1 1 1 1 1 1 1 1 33 2 2 2 2 2 2 2 2 2 2 2 2 2 35 1 1 1 1 1 1 1 9 0 0 0 0 0 0 0 0 0 0 0 0 0 0 0 33 2 2 
2 2 35 2 272 273 2 2 2 2 2 260 261 2 2 2 2 2 35 1 1 1 1 1 1 1 1 1 1 1 9 0 0 0 0 0 0 0 0 0 0 0 0 0 0 0 0 11 1 1 1 1 1 1 1 1 1 1 1 33 2 2 2 2 2 218 219 220 2 2 2 2 2 35 1 1 1 1 1 1 1 15 16 16 16 16 16 16 16 16 16 16 16 16 16 16 16 33 2 2 
2 2 35 40 40 40 40 40 40 2 2 276 277 2 2 2 2 2 35 1 1 1 1 1 1 1 1 1 1 1 9 6 7 0 0 0 0 0 0 0 0 0 0 0 0 0 0 11 1 1 1 1 1 1 1 1 1 1 1 33 2 2 2 2 2 22 235 236 2 2 2 2 2 35 1 1 1 1 1 1 1 1 1 1 1 1 1 1 1 1 1 1 1 1 256 257 1 33 2 2 
2 2 35 1 1 1 1 1 1 40 40 40 40 2 2 2 2 2 35 1 1 1 1 1 1 1 1 1 1 1 9 8 7 0 0 0 0 0 0 0 0 0 0 0 0 0 0 11 1 1 1 1 1 1 1 1 1 1 1 33 2 2 2 2 2 250 251 252 2 2 2 2 2 35 1 1 1 1 1 1 1 1 1 1 1 1 1 1 1 1 1 1 1 1 272 273 1 33 2 2 
2 2 35 1 1 1 1 1 1 1 1 1 1 40 40 40 40 40 41 1 1 1 1 1 1 1 1 1 1 1 9 0 0 0 0 0 0 0 0 0 0 0 0 0 0 0 0 11 1 1 1 1 1 1 1 1 1 1 1 33 2 2 2 2 2 266 267 268 2 2 2 2 2 35 1 1 1 1 1 1 1 1 1 1 1 1 1 1 1 1 1 1 1 1 1 1 1 33 2 2 
2 2 35 1 1 1 1 1 1 1 1 1 1 1 1 1 1 1 1 1 1 1 1 1 1 1 1 1 1 1 9 0 0 0 0 0 0 0 0 0 0 0 0 0 0 0 0 11 1 1 1 1 1 1 1 1 1 1 1 33 2 2 2 2 2 2 2 2 2 2 2 2 2 35 1 1 1 1 1 1 27 356 356 356 356 356 356 356 356 356 356 356 29 1 1 1 1 33 2 2 
2 2 35 1 1 1 1 1 1 1 1 1 1 1 1 1 1 1 1 1 1 1 1 1 1 242 243 1 1 1 9 0 0 0 0 0 0 0 0 0 0 0 0 0 0 0 0 11 1 1 1 1 1 1 1 1 1 1 1 33 2 2 260 261 2 2 2 2 2 2 2 2 2 35 1 1 1 1 1 1 351 1 1 1 1 1 1 1 1 1 1 1 353 1 1 1 1 33 2 2 
2 2 35 1 1 1 1 1 1 1 1 1 1 1 1 1 1 1 1 1 1 1 1 1 1 258 259 1 1 1 9 0 0 0 0 0 0 0 0 0 0 0 0 0 0 0 0 11 1 1 1 1 1 1 1 1 1 1 1 33 2 2 276 277 2 2 2 2 2 2 2 2 2 35 1 1 1 1 1 1 351 1 1 1 1 1 1 1 1 260 261 1 353 1 1 1 1 33 2 2 
2 2 35 1 1 1 1 1 1 1 1 358 358 358 358 358 358 358 358 358 1 1 1 1 1 274 275 1 1 1 9 0 0 0 0 0 0 0 0 0 0 0 0 6 7 0 0 11 1 1 1 1 1 1 1 1 1 1 1 33 2 2 2 2 2 2 2 2 2 2 2 2 2 35 1 1 1 1 1 1 351 260 261 1 1 1 1 1 1 276 277 1 353 1 1 1 1 33 2 2 
2 2 35 1 1 1 1 1 1 1 3 4 4 4 4 4 4 4 4 4 4 4 4 4 4 4 4 4 4 4 0 0 0 0 0 0 0 0 0 0 0 0 0 8 7 0 0 11 1 1 1 1 1 1 1 1 1 1 1 33 256 257 2 2 2 2 2 2 2 2 2 2 2 35 1 1 1 1 1 1 351 276 277 1 1 260 261 1 1 1 1 1 353 1 1 1 1 33 2 2 
2 2 35 1 1 1 1 1 1 1 9 0 0 0 0 0 0 0 0 0 0 0 0 0 0 0 0 0 0 0 0 0 0 0 0 0 0 0 0 0 0 0 0 0 0 0 0 11 1 1 1 1 1 1 1 1 1 1 1 33 272 273 2 2 2 2 2 2 2 2 2 2 2 35 1 1 1 1 1 1 351 1 1 1 1 276 277 1 1 1 1 1 353 1 1 1 1 33 2 2 
2 2 35 256 257 1 1 1 1 1 9 0 0 0 0 0 0 0 0 0 0 0 0 0 0 0 0 0 0 0 0 0 0 0 0 0 0 0 0 0 0 0 0 0 0 0 0 11 1 1 1 1 1 1 1 1 1 1 1 33 2 2 2 2 2 2 2 2 2 2 2 2 2 35 1 1 1 1 1 1 355 356 356 356 356 356 356 356 356 356 356 356 357 1 1 1 1 33 2 2 
2 2 35 272 273 1 3 4 4 4 0 0 0 0 0 0 0 0 0 0 0 0 0 0 0 0 0 0 0 0 0 0 0 0 0 0 0 0 0 0 0 0 0 0 0 0 0 11 1 1 1 1 1 1 1 1 1 1 1 39 40 40 40 40 40 40 40 40 40 40 40 40 40 41 1 1 1 1 1 1 1 1 1 1 1 1 1 1 1 1 1 1 1 1 1 1 1 33 2 2 
2 2 35 4 4 4 0 0 0 0 0 0 0 0 0 0 0 0 0 0 0 0 0 0 0 0 0 0 0 0 0 0 0 0 0 0 0 0 0 0 0 0 0 0 0 0 0 11 1 1 1 1 1 1 1 1 1 1 1 1 1 1 1 1 1 1 1 1 1 1 1 1 1 1 1 1 1 1 1 1 1 1 1 1 1 1 1 1 1 1 1 1 1 1 3 4 4 33 2 2 
2 2 35 0 0 0 0 0 0 0 0 0 0 0 0 0 0 0 0 0 0 0 0 0 0 0 0 0 0 0 0 0 0 0 0 0 0 0 0 0 0 0 0 0 0 0 0 11 1 1 1 1 1 1 1 1 1 1 1 1 1 1 1 1 1 1 1 1 1 1 1 1 1 1 1 1 1 1 1 1 1 1 1 1 1 1 1 1 1 1 1 1 1 1 9 0 0 33 2 2 
2 2 35 0 0 0 0 0 0 0 0 0 0 0 0 0 0 0 0 0 0 0 0 0 0 0 0 0 0 0 0 0 0 0 0 0 0 0 0 0 16 16 16 16 16 16 16 17 1 1 1 1 1 1 1 1 1 1 1 1 1 1 1 1 1 1 1 1 1 1 1 1 1 1 1 1 1 1 1 1 1 1 1 1 1 1 1 1 1 1 1 1 1 1 9 0 0 33 2 2 
2 2 35 0 0 0 0 0 0 0 0 0 0 0 0 0 0 0 0 0 0 0 0 0 0 0 0 0 0 0 0 0 0 0 0 0 0 0 0 11 1 1 1 1 1 1 1 1 1 1 1 1 1 1 1 1 1 1 1 1 1 1 1 1 1 1 1 1 1 1 1 1 1 1 1 1 1 1 1 1 1 1 1 1 1 1 1 1 1 1 1 1 1 1 9 0 0 33 2 2 
2 2 35 0 0 0 0 0 0 0 0 0 0 0 0 0 0 0 0 0 0 0 0 0 0 0 0 0 0 0 0 0 0 0 0 0 0 0 0 11 1 256 257 1 1 1 1 1 1 1 1 1 1 1 1 1 1 1 1 1 1 1 1 1 1 1 1 1 1 1 1 1 1 1 1 1 1 1 1 1 1 1 1 1 1 1 1 1 3 4 4 4 4 4 0 0 0 33 2 2 
2 2 35 0 0 0 0 0 0 0 0 6 7 0 0 0 0 0 0 0 0 0 0 0 0 0 0 0 0 0 0 0 0 0 0 6 7 0 0 11 1 272 273 1 1 1 1 1 1 1 1 1 1 1 1 1 1 1 1 1 1 1 1 1 1 1 1 1 1 1 1 1 1 1 1 1 1 1 1 1 1 1 1 1 1 1 1 1 9 0 0 0 0 0 0 0 0 33 2 2 
2 2 35 0 0 0 0 0 0 0 0 8 7 0 0 0 0 0 0 0 0 0 0 0 0 0 0 0 0 0 0 0 0 0 0 8 7 0 0 11 1 1 1 1 1 1 1 1 1 1 1 1 1 1 1 1 1 1 1 1 1 1 1 1 1 1 1 1 1 1 1 1 1 1 1 1 1 1 1 1 1 1 1 1 1 1 1 1 9 0 0 0 0 0 0 0 0 33 2 2 
2 2 35 0 0 0 0 0 0 0 0 0 0 0 0 0 0 0 0 0 0 0 0 0 0 0 0 0 0 0 0 0 0 0 0 0 0 0 0 11 1 1 1 1 1 1 1 1 1 1 218 219 220 1 1 1 1 1 1 1 27 28 28 28 28 28 28 28 28 28 28 28 28 28 28 28 28 28 29 1 1 1 1 1 1 1 1 1 9 6 7 0 0 0 0 0 0 33 2 2 
2 2 35 0 0 0 0 0 0 0 0 0 0 0 0 0 0 0 0 0 0 0 0 0 0 0 0 0 0 0 0 0 0 0 0 0 0 0 0 11 1 1 1 1 1 1 1 1 1 1 22 235 236 1 1 1 1 1 1 1 33 2 2 2 2 2 2 2 2 2 2 2 2 2 2 2 2 2 35 1 1 1 1 1 1 1 1 1 9 8 7 0 0 0 0 0 0 33 2 2 
2 2 35 0 0 0 0 0 0 0 0 0 0 0 0 0 0 0 0 0 0 0 0 0 0 0 0 0 0 0 0 0 0 0 0 0 0 0 0 11 1 1 1 1 1 1 1 1 1 1 250 251 252 1 1 1 1 1 1 1 33 2 2 2 2 2 2 2 2 2 2 2 218 219 220 2 2 2 35 1 1 1 1 1 1 1 1 1 9 0 0 0 0 0 0 0 0 33 2 2 
2 2 35 0 0 0 0 0 0 0 0 0 0 0 0 0 0 0 0 0 0 0 0 0 0 0 0 0 16 16 16 16 16 16 16 16 16 16 16 17 1 1 1 1 1 1 1 1 1 1 266 267 268 1 1 1 1 1 1 1 33 2 2 2 2 2 2 2 2 2 2 2 22 235 236 2 2 2 35 1 1 1 1 1 1 1 1 1 9 0 0 0 0 0 6 7 0 33 2 2 
2 2 35 0 0 0 0 0 0 0 0 0 0 0 0 0 0 0 0 0 0 0 0 0 0 0 0 0 358 358 358 358 358 358 358 358 358 358 358 1 1 1 1 1 1 1 1 1 1 1 27 28 28 28 28 28 28 28 28 28 2 2 2 2 2 2 2 2 2 2 2 2 250 251 252 2 2 2 35 1 1 1 1 1 1 1 1 1 9 0 0 0 0 0 8 7 0 33 2 2 
2 2 35 0 0 0 0 0 0 0 0 0 0 0 0 0 0 0 0 0 0 0 0 0 0 0 0 11 1 1 1 1 1 1 1 1 1 1 1 1 1 1 1 1 1 1 1 1 1 1 33 242 243 2 2 2 2 2 2 2 2 2 218 219 220 2 2 2 2 2 2 2 266 267 268 2 2 2 35 1 1 1 1 1 1 1 1 1 9 0 0 0 0 0 0 0 0 33 2 2 
2 2 35 0 0 0 0 0 0 0 0 0 0 0 0 0 0 0 0 0 0 0 0 0 0 0 0 11 1 1 1 1 1 1 1 1 1 1 1 1 1 1 1 1 1 1 1 1 1 1 33 258 259 2 2 2 2 2 2 2 2 2 22 235 236 2 2 2 2 2 2 2 2 2 2 2 2 2 35 1 1 1 1 1 1 1 1 1 15 16 16 16 16 16 16 16 16 33 2 2 
2 2 35 0 0 0 0 0 0 0 0 0 0 0 0 0 0 0 0 0 0 0 0 0 0 0 0 11 1 1 1 1 1 1 1 1 1 1 1 1 1 1 1 1 1 1 1 1 1 1 33 274 275 2 2 2 2 2 2 2 2 2 250 251 252 2 2 2 2 2 2 2 2 2 2 2 2 2 35 1 1 1 1 1 1 1 1 1 1 1 1 1 1 1 1 1 1 33 2 2 
2 2 35 0 0 0 0 0 0 0 0 0 0 0 0 0 0 0 0 0 0 0 0 0 0 0 0 11 1 1 1 1 1 1 1 1 1 1 1 1 1 1 1 1 1 1 1 1 1 1 33 2 2 2 2 2 2 2 2 2 2 2 266 267 268 2 2 2 2 2 2 2 2 2 2 2 2 2 35 1 1 1 1 1 256 257 1 1 1 1 1 1 1 1 1 1 1 33 2 2 
2 2 35 0 0 0 0 0 0 0 0 0 0 0 0 0 0 0 0 0 6 7 0 0 0 0 0 11 1 1 1 1 1 1 1 1 1 1 1 1 1 1 1 1 1 1 1 1 1 1 33 2 2 2 2 2 2 2 2 2 2 2 2 2 2 2 2 2 2 2 2 2 2 2 2 2 2 2 35 1 1 1 1 1 272 273 1 1 1 1 1 1 1 1 1 1 1 33 2 2 
2 2 35 0 0 0 0 0 0 0 0 0 0 0 0 0 0 0 0 0 8 7 0 0 0 0 0 11 1 1 1 1 1 1 1 1 1 1 1 1 1 1 1 1 1 1 1 1 1 1 33 2 2 2 2 2 2 2 2 2 2 2 2 2 2 2 2 2 2 2 2 2 2 2 2 2 2 2 35 1 1 1 1 1 1 1 1 1 1 1 1 1 1 1 1 1 1 33 2 2 
2 2 35 0 0 0 0 0 0 0 0 0 0 0 0 0 0 0 0 0 0 0 0 0 0 0 0 11 1 1 1 1 1 1 1 1 1 1 1 1 1 1 1 1 1 1 1 1 1 1 33 2 2 2 2 2 2 2 2 256 257 2 2 2 2 2 2 2 2 2 2 2 2 2 2 2 242 243 35 1 1 1 1 1 1 1 1 1 1 1 1 1 1 1 1 1 1 33 2 2 
2 2 35 0 0 0 0 0 0 0 0 0 0 0 0 0 0 0 0 0 0 0 0 0 0 0 0 11 256 257 1 1 1 1 1 1 1 1 1 1 1 1 1 1 1 1 1 1 1 1 33 2 2 2 2 2 2 2 2 272 273 2 2 2 2 2 2 2 2 2 2 2 2 2 2 2 258 259 35 1 1 1 1 1 1 1 1 1 1 1 1 1 1 260 261 1 1 33 2 2 
2 2 35 0 0 0 0 0 0 0 0 0 0 0 0 0 0 0 0 0 0 0 0 0 0 0 0 11 272 273 1 1 1 1 1 1 1 1 1 1 1 1 1 1 1 1 1 1 1 1 33 2 2 2 2 2 2 2 2 2 2 2 2 2 2 2 2 2 2 2 2 2 2 2 2 2 274 275 35 1 1 1 1 1 1 1 1 1 1 1 1 1 1 276 277 1 1 33 2 2 
2 2 35 28 28 28 28 28 28 28 28 28 28 28 28 28 28 28 28 28 28 28 28 28 28 28 28 28 28 28 28 28 28 28 28 28 28 28 28 28 28 28 28 28 28 28 28 28 28 28 28 28 28 28 28 28 28 28 28 28 28 28 28 28 28 28 28 28 28 28 28 28 28 28 28 28 28 28 28 28 28 28 28 28 28 28 28 28 28 28 28 28 28 28 28 28 28 33 2 2 
2 2 30 31 2 2 2 2 2 2 2 2 2 2 2 2 2 2 2 2 2 2 2 2 2 2 2 2 2 30 31 2 2 2 2 2 2 2 2 2 2 2 2 2 2 42 43 2 2 2 2 2 2 2 2 2 2 2 2 2 2 2 2 2 2 2 2 2 2 2 2 2 2 2 2 2 2 2 2 2 2 2 2 2 42 43 2 2 2 2 2 2 2 2 30 31 2 2 2 2 
2 2 36 37 2 2 2 2 2 2 2 2 2 2 2 2 2 2 2 2 2 2 2 2 2 2 2 2 2 36 37 2 2 2 2 2 2 2 2 2 2 2 2 2 2 2 2 2 2 2 2 2 2 2 2 2 2 2 2 2 2 2 2 2 2 2 42 43 2 2 2 2 2 2 2 2 2 2 2 2 2 2 2 2 2 2 2 2 2 2 2 2 2 2 36 37 2 2 2 2
